$ANSIBLE_VAULT;1.1;AES256
34653137633362653562386432666361353436333731333732376263376162323065363862376338
6164353435323363653662656532313233303935616434300a373332646562613231623833316137
66343034333434383737633230643164343265313730316634336330383362393734393934626262
3365616462613831640a616238383262303632336332363831363836326631633330376363363135
36633833623230336538333961353630326333363036306433626237613538653630316563363333
64356236356532623234633039653866323434396436656564333730313439363161333238626337
35626337643666383037643961363238333263396337326465306138326465636139646331633336
30653336643132353261633361386131643231326636306139376633616161366166383764663164
31363738613234366531306436353636653934633666623566333831323963363863616263386661
65316536333236326263626535313366613766303566363136346631376163613536323763393839
31376435616662303934663134626461653464326334313365373437393131313364656261393137
64353731353761616561393231396232356339353061356230363966666537366662313433313339
36393461623230623165306664396638386237396531373362626366616364356563623962623532
62666463323836616137663864383365643763653630323665623361336535346266363934626562
61333630393437623666643765353664663562313132333332373131663735333266353231646630
35396466653538366433
