$ANSIBLE_VAULT;1.1;AES256
33643962303633616633646162363138333661376635653034303231393539373165666638356163
3533373133666530306637353862363865636162303062630a346463366263353539323339376535
39343937303062646130666533663232316661613332346639353038393533333730613437636534
3331663936653738650a333032336265363565346562646463396436653137663935316430333437
64393235373231316466326636386362613862643464663064396665643765653030373234643032
64303335333865613861346561326330653330303766393239306231356434643564396364346533
34346163653265666165653430616638383966396535373737343238623237633866346331373736
64353439343939336166653936303933306437623432386639393937353461656231653336333063
62386335653661303831383330363134306266326366663832633361396466656533336266663431
62353637633265303365336430366365346436663235626233363634666462383232323463666664
64363737373062356164323037663135626164623739376166646138643664643031313437383566
37356261616339303335396361633933656333663330623135386363666166396264653061303064
64633964633631616261636563613531323435666539386433633365643132323733346537626331
38633363646132393463636561616233656461656636326536643439383032613832373363643266
31393639333466383732646436353665343130653334343939303430313263643030646137333634
34656434326439366534313433646637363033326166353734383933346662363830616134623965
62363462666330643162373335616163633633646331663632356338616166316339313665643565
38303964663036613265613663373164313731353730363331666365636534373336346133623933
63396530343835663936666363393433303639343338353430353363333131653264326330646230
38363263636261326266373530386564353464343361653934386236613538323633633737313539
62336436396133633131663465616536333933626530663536643334303532323235313335306131
31653166326239316137303333646639663737333335323833636633373336356239383636363364
63366161306233623831396662333637653463323239396663363665633362396231303431383963
66393235383361373261643664616434343531643934626633363062636536666634313231303839
66613461396334396531356231393239623561356532663264383736323834353439613065396438
63343436666164343732386134393830393135396130373164333230653264333165663733393262
33356336326166393231663234396631636132313538643064633130613532333930343565646639
35633734633033343237383032393731636261313965653331613865383165356162656439306661
32376138393866656361323730643839313936353135303237316134346164313665663833393065
37396166646465363763393366306265353834323937663536633539643732653866323833373563
34666535373637653061666266633765343230653835663536363363346134313332626131346263
38366531633766613734343230316263343666363534643066656661336539663936393065303665
32393030313331376436343431373262346163386235376261323063313431666535343362666338
64323036663562666333323639353664323863643736643861343634616366623937373235316462
66363035326133646539633538343361386534323464303230366533363135663236343534303938
37376563653937316538386466343861656362373439633130326562333664646165366663323036
62323133326462333431646631333738663433336166623066313362633632376236653363363465
61313033663466303239636638386537663265313634346365393930616261313635323138626237
61316638613663313963613063626235373962633731333534636634336138643337616337346537
34653135636339396237306166306437616261323233363337653462663638386635373933326465
38356337343130393230343162353165316262336661666130656134323331663337623437333439
37336338663933626263653437633761643964336335393364663563613164623335633436386162
38626165616537613536383630396161363631643736343535316366393030323266386630303265
37343933313361663932356633363965393531366664376130633534393737623663316534356134
62626165396236653234346436366263363561393434333061646362656364666435366334356635
65623032333635333433646633656663346133353934643936656139643061316465343138663838
33373137373263306666376232353637323632656161373235643731643061306532633832323666
66623566613835343535663461313739356465323063626533393138613434613937623735373531
66343662363963303364336239366131313536666331643531333163343966353137383932333731
61323931393730323135616539353330353566663465373338366635613764386130653161633065
66653139336439363462376665326263393162356433646263653831663330346165363538326538
39386263626239363937363264363162313031616261346235336435323237666361663639303863
38366533306230663739383663313564333363326339323038323737653432346363323434626262
30663535333861373330333331656365363465313561373432343263646261663536643636336364
63336630616239336261353965623038303062393062663939643162376163336538333162373931
37336331353734646132313930393231373765393632636331303834663464383566623961653561
34386438626462653034366436623730356365323139323562313935623737633239663536623936
35343333326662383538333639353562353237646362303635396638343630643964363830623835
65313531623136616231346333336532333761396536303462373466346661613764613666396164
39653437343037353137346130633239333937383962633566313763373238626335373435333236
66613165636338323730326662666131643937343762333638376566623836323533393035363436
63376166366666636634663137313634386230333033383138666532313739643732613032623037
63366132376537323833383666343039653731323762633666613764313661663736383166366332
64323061353735343538643437383333346333613166366431323065643832333961666134396365
64653630336430323330363839663732656565656530356639653463363038393162323431343130
32656166383032653834303262346236333862323734643163666632313137363166626465353132
33373662656236323030613237376566333934666234363865353461396332643264656464323463
30346463633866343061616135653030323163356463653762373965306663323439323339653531
34633365643637646636363538323331303539383364333462353164383566393832633239373536
36343132663862316332343733633035633532343862303934376339653466646466613330646562
63666639393866643135386563666637333834393332653438326230346161376639396231303332
31666533393861396566313639626162646361633236356134376434626334653737333539363033
34353132346435643466636130613939636165646130333530616562646234376338636236353665
63623931653166383062626130336536303936303038333762656565616134643731376235366135
37323437663365343832666131376331303165663237383761383937313938303363366634643462
36346364366235373431333034616265663565633030373563613966346338656465623164633065
39623130633039666233343539613764623436363664383039646239396361663937333961613335
30613465633464626233306330333438363961303764626161353736646562333561383265623439
31323664356162623964313738383233353463363361336364653930613464303236616637623732
62326336303038633564346365343634326466323931626132313437663334333539393535343761
31303264666138373332383765366237373566653635366461666230343163653538663661643734
36396639643734313439336437656335616234346136633565303437363566323133353932633438
63666136396237316334616665623334633930636539663134323765636133613431636366376162
63353031333236626561373936333032663439396461646537373762306334373133613964646665
36353862616634616633623839356631343932323332373134386637383736363834666161313834
66303231386664343634386239323032653033356237343532373130656666656635663562363563
66343763633666336565353666313062313832383336346666353339363166333265306632613461
39343462656539313238303863636338323330326636633336653431386631633638376432633834
64313830383334383439643164643661653538363831313963363036633666393030623564626666
30636461316262303163303162653862376365353363613063376433633439363135336637386264
36656362616534646535316363616537353030333235303037306165313938376466663031336565
35636131633732363934353032643961343836336131646533643366323962643633383431393538
66646663616639386638343634343539356538663666323239356664393238653435356365383763
30313238363462613735663861366332306466313337323235373462386461326166623038666662
37366266653465393561653266376638303437363063323331363862653032393965623962333064
31613235626231326666356430316166363639653731613365393831393063303230346561303331
66663739383631623139366262353565623161306333363739613536663264313962666564363539
37636461303163333339623733653866393663656365616361313433326335666530666132313565
35356464343662316364333733376331623730316532636330356238666464666663393730656366
65653636623637663561623764363965326338613362393734356330653164646436643366353731
36353066393538346534386262623433623261656265383633353038303130383766303165653636
36336639366363366163643131306361643233623066663064386134646265303939303461663833
34376132346466613839646234393030323430383430636538383863343037626334393332663631
30656433313734343535373461363064376336303036393133316635663466313839356565343961
31366438303064646364666365373832383239366437643865643961666634363934386463303762
64333966366635643866326664363831343661626634323165643430396130623930626438383763
32373134303565383433323663616462356531303132613461636331633433376336626534306434
31323439643031396438626638613433393666356239343934653861616333303164373333316237
62363363356132346163353037383737313836636433363937396632633233613265613034633537
31313433336361633131383535663365616461386261373837616637333130656638313664343262
38363632666433366664633437383866306338306136313961643061386531353337333932663262
38656635656431363030646132653437343532373139343362303837306466303561336339666333
32333234363265613261333963376139343565353662663630653738646161353364343665376633
66663533363636326232653237633861363664353138633636373032663362366130653064633633
64313637373162333965333261356662626336306665316231326539326339663762356433363461
36393939393766373262333735323865336438316338363537613436303936306238343836353838
38326266666330333261653836323530323966653531663936333431656630643939346665323534
62383362666165386437323264343262313162343131653966383135316364343336643935313265
32646431653064376132653437343036336238356234353432646361376366666136626638353031
66346434656135383063326438653136393266366133653336626533323162396236323039653539
38613261613435616137396533356134626536653738353365333766346166373562386533623132
30346438633234663363353836363764373866376239363037613539353632383766623430316362
62633236313834363236623362326330326362616433633939613766366163383333396630336663
35356230623766336634653035363965383064646338363161373833313232623661626239323138
33376332636262386264633966313164396130323331633932373061636464353365633965356139
39616162353935333634373335653733396237383435646234616365636232653833356630363833
32663537306437396635636536613763353761613139373666663163666338323133323263313964
30336134633161643533643331333732313861656331383438633065336232626262646137393261
37353235333035393637353665393464396462373361313463346639373264646233353836343163
61666562623035633963386633323162316332643930626332646564353939393138653235353837
38666430333734656261333936363035323133633435646661616636393430623235346166383263
37393434623331626533383230343232303166343137383739316130663161616462366162333566
66356332306363663039646634323166613633323465653736386261636630666664376435636333
61613532393162623562613066376436333639386364313137353434373638633831633965626166
38333930396432383937653838383761633639313331366330366433313061643232616465633130
36656338336639613963346335383466356262656437623164626261353865373634616462616132
32653533643735313134333939636631616232343063393438613334303162306335373939373939
36386363313933303233393637316164663135643336666666653163373666386539383936376434
61663631353466336338303665636330316563653262623733633239346538313862366334316563
36613236366332353130323437623036663238346538323338666264343662313965633935356563
63373334616335646633333765653736343263613935633932626630656537363561656536633262
62356534323335653438653161636161326663306664343563646134366638356630373534613138
34663663616433373736386135383337633033353563353063623862303265303861646562396362
62643033626637396534383064663739633562353562323634323739326166396233663364653166
32343661616365363939643962643831633031653130653436656666653337393133613265613237
36656564343037656132633632303039626238656666623835333264383831393439353662346234
62333463643235386634663765633139376237303064663535356139333661383839306462343730
31663861326661623765656539623962613466633064653832326336363737333133373633353466
30336263323238623863613539303933663566313435613866316236383361333664316230383733
35306238623464323734346530663637343838653830633962316633346336313834643637663335
38373061366330613966333531653362303961306436653961316564366534313539313765353464
37353163656365303337623034616234346264333536313562363865366263653961396462613864
39313038666132373466616164363730643535383465643432333564343130373632626330626564
36336336613934373862353061346533343237616661373338656136656535616164643838616566
61623739653139333264323363653862313736666564643463656566323433363833386434653039
63303634303833326635306637386438626564323966376330613433366262643365373366366435
35613764643161353538306439653736386337333436643563653366386339613964313566613266
39326638366339363566376631626364626363373263386339616464303534333135643334343838
38616432316462383530363432373432376634343036316230313766613031626131343230313332
63353631326265323134373765633538373730633332616536666435666363346161346162383162
39643833303038646465383961633831373964616533316530346432386139666131363035643862
31653361363465613337656265626533666230386132393862643338653765366231313136663331
66353733333632333733656261663266383535343864346665663265326631306434353230326438
61373934663666383833366638663337393165343435343039643939383364613061633335643636
38623166616661373338666362303638333665393730323138313739336135623835313537373331
32376462323233343432373561613134653765653135346535346635343863396133613136396263
38366138373261393863353338343136633763306135366439633066363766396537323537386163
39343733383834636366373561376139343730626437343337373262306565323362353231656462
36346565346562346538653462323831333165646666306533366666363961333139353065633965
36633165303036663935303935643737396361373265666537396239386536386361356339366530
64356439623062373633366332373432386265373530333262363134356239363636396662383062
63306536396434396230643133366330346336656466656532623331336266303665633062303066
35636136353566333036663263343034633639376438353738653338373263633165633537336435
32623230373063663630333831663839613035333664383961313131656635353835363530333136
39393565366137333361626432653261376136326534373265663161373932643332306531666466
31353965636662626430333766626132663139666161393536303166353937353764366562623934
32316566353463303361653937376364323034663965653363643964343261303163386266333464
65343837346634633934616465656337656137333730633663386433653239386661316466653765
63653834303261623361373435643035616439393534373661383536333836326566396332643761
32356337646466316539383639663931653733373763343936353733623534643962623261383238
63353733636233613737646661346364663731353035376139353631303531633734323764633639
64616235663935666233616139333566393236643938643435333335316233356264613539313630
64336465653238363739336133356236653736643631356531303464373762306537383631306661
33336530363038663665373330346530306531306461346139646634313034333330333335393937
64323066316663333435333763623866363538623733623266303865393066396536336162323430
62316264626630633437643530303839613336373733643937343432636132326131393938353032
38363866653835636437333832373438363466336431636532333834316438373434313265303431
34323931356532306162353766323766663536333464376231653731363565306465323138663965
37336262343936366663333962613832643732613932373937633838373731363135396362326337
30383233623537333332643034323836643937353231336561363264343035613866323761376165
35333333383036306163356365633837643135316334323964353032313464663035616262373534
38343536623937376435376136653632663564626666396237343863386332383036393866333466
34333135646233396432316336373834386563613433323339393365643861323136343265303833
35666462653936653762306662366234306430393632356534303261346430383630623635613663
64333234353636353930356632623631346537353730646137623966323763336138636431353666
32356131623461333162383837343131346631353433613962393737646638323963623032626436
30326436373335376461383931313361646432663362383961303463623762616130303962333438
34366439396565633030646366353731323133323365303839663962666537323566663661663435
37373938633837353736653830333665656163343134326133323030613930313438663561363364
66366532383238633165613332616465633739313431613935366439623962326138316239353433
32333535303135353065396534396134323831353934646363613661356137396466356437386434
61353561353664613532383930363665393030353036373662393535373537633434313235323264
36653233613065623137633234303534613235373365326261306266666133633066383033336564
65636436363464323466373365646133396166623734653630366265636532343733346661383663
63363937656361656239326236633438616661666261316237636338303332306461636239306132
66303633323265373964383961623035666437363639386635336330396138396566626262386361
63353830356338363063383334613430666135363339393138366465663862386532663461303830
32643633666134346231333363363964353566626230353833313431333138303564333736333562
33393234366538353936356632346464323364343163316132623931346336346561326463366139
64393633356465633536303965373361376334336162386430353236633334363331613836616636
39343939343534643063333461303938363935353764316563346635353361343663393662393039
64343261353063396632353766646330343762346331326661366562313564663066373761303932
66356537663261656333643766643231376535366536663937653739613463363034623262343866
30363936666365303663386432356231306634316363346333326166396465383463633832393132
34616339346631333738316266386561343739323538343739303064366562663539646234396135
33376133313063303131663238623533656339333362393062383966366432333534363536396235
64323238663734623535303931373133646563393039346665363562646262393336323863646535
65333239663637623638303531323334363331393438626331633736396539623737613239653232
61343334383665626564346131306139393764646233653731323662366437336135326662316366
38363134336434656338333262383761373633343463626438316231363232303938373765666337
35336535343634613564366662643937383333643762653330653432306432353538333334333232
65303833643065623464373831336132313035306464636566343639613162303733336664613934
32633836613139373739653562663063306163343036323663376435343966643038626265393736
39356332643964383539343266303937646636623837373030386231386634613734383561393961
33343439653164386465333932353139363265376265663061356235396263633063653638343530
63613830383838323335666634626164366365653866356332626531646333373330326164326332
32323339313537393636666334633862313530393064373930373361396661323531306630383037
37643839356637343534636365383162323635333866366362356139323233363336313337663931
36386637653864316262353439656165333033313539626234383065303938633330393663363337
39613561396363303061623835393932643164386230383034306366383134313633633432383862
38323062666265323333643039353634386638313561633430633763666430323061626561616565
61663239626364623131623664323964356336636232383637366335376231353331316638656231
30326434633833623635636663613131366334626235363765636339613032313237383535636362
39633965306436313132366230636539666563316665333831343438366133613434346465363037
33373236363264313065653635313631386539313262616439326263363231343733303430313438
38383937393833386461333761366531396239613532393464313737313866633566333837663734
63336335333237326635373264363033383532663832323034646132616463323835306537646264
35356637353833633531366361323232336639656633373236313161363163646537653530376361
64656565336362663736313465313964616333653233353936666239666230356339636634343834
63646465393162336139333833333737363561666132616662323538363264663738633936363632
33313934373964616237643630666536663433383230303235303262633039326132663236333664
61366238316466623863646237326562386234616662373832636630386163333738326561323063
39383566373361333565343334333265393331323862346532356530353432363239306233303661
38316635643832616362303036306461363165363639626333383934323966643866623838633433
35616364616134303163353863323163313362323330313561623464386232353337386635613730
32643833613837643032316635643233383737303735323030626263653532633561366163306365
33653035613530363730323465343238663564646637386533363131336337306539636635653865
63306665613532616537616434313264646361646235646137626264613631373232666232623435
37333430356631613762323263623165353766643237326665346261346339373139346135613632
33613562346366373036373338393137643264363532633535626432653562336137626535303030
38386333636636653232313734363733656336336439613331636339633637656437613631646262
36356463626333396466613134646430313061323566356563353861366230316339313837323331
64373835623134353530376538383062383661343363373335353634333661386331643630333636
36333239366334326433323137353438316138326132356130636138376231393830393236376632
33623665343137323065366438303161316434623265363162333832393066313032613631653162
31636332383038633634623636366438386530666533636166633731396131616631363131663434
61613832346530383833393337373765636531633536613663626464643731363131363038623833
66613362376535363133663863343537336566303134336233653264333662346561643736393763
66363831663634383438653234383732303862666636646335376161363061393236623036343762
63636561303464333730303961346431656434333135333135386361313834613230363731633333
35333437616233656134633438643035346635626138313764653366333337336331643732333530
31616265643338373965333264333432666263353934346662633631363930376362313662376339
36626435363338346238393835323434313863323963376135343062616231366136313231633637
36383336323434666531653335336636363966343366343832623361373336653532623838343361
30313361623138663532633836633838393635306335363964313633346535316633333038323230
30316565336632666138643665366564373237633562366435346664343337653931386366386261
63323231343739383133393134366263633930353531356264333235656531653730316232626136
62663765336332616333643864656164313761323039343866646336366538613335343435343939
32333361336435373064343031643764323139346536326639323366626462626136396265306537
36643965313861663261343766643731613764646239616639663433666631326264386239633765
38346436396537336165393864636234326130346235636264323163653262666365656536326361
38636138326533316133373137316539316565353761386237633366623561383462653531656666
63343964623465356230623031303937373737383265663563343164646337653139613333353233
65393665383339373332656437326366626331353666663731343062323166346138343765663639
61373861393963346339356463646138616563663263303730373864363162656364396334383062
65383434666136616639356565666466323162323064653734646664626136633632633535323133
65313830306531643133383432346235303563643262356338643936323863666633383064666633
35656330653339653766313430643737393665623437616366383938633139333033613635313334
31343864633039636635656162616639316662316632373235636236343531623866626536313931
33643134636238316265363336336165386333326631393363366532313436623236633437646335
31626639643136316364646634343735303762393862646336616635313534393430313861653665
37393861626466616264373461643133383638356639646238366263323833336132343934306464
30653463353237653935623239323637653635633731353335363038346465303736386236383837
31363465663539333361356332316563376232303230386537613839316637333035343632616334
35383962666232376434613533663362346337363937376138646637333632643264626466656439
37313937376366386135316338663731383631653230353733343433633232363361623334363266
39646132643734393239616235306537303139383266393030633062306663636330343732643030
31623834653932376266346664666638626132623532363438336366393934613566343461366339
65356365343166323539353361653231613434643536613066663233613036333162346639363763
65396233656334313731623533396439356533343131366566313531333632346635643231313737
61393962636237363662643364366161376237313032373130383436613763326665356565616565
66383136613630396362323236366131616462383638353031393566616436353938316134643232
38623633356636343565373936323637323032653832636432363130666239643934346632613133
30386236646136653635613730643239633930346539306333636134336535353438353064376337
63343333326336323462653238393161363332376466626237643139633430393932643636376530
63313366613637393035656465303439326466636363653565393664313131343962343337663736
38636337303639326532633930613433336230323763383837353437383664356130393130346531
35396231393665316465636533626238366630353130623364353834373137383630373262653765
33633238643830303930626334366633373531343732313431633139323163623930393032366638
34613365663366653137356361326238623864663637363463303530646563636534393533653565
39643661643562343934616337636262343535616639616261356631313938343933323639303866
37643363383534303636336166373238363430356239356465323365356164613130373538326661
37386130333937303639396337383036353035386238653032363732653033623563313637326333
35633161333634326534383136396332383932363235613439356434626537383634623532636461
30316331323935323064316563623633373032353961346337623632633131396239383061356433
37346433323535633531386133656366396639353762353835373139386334666263643530366134
37356366643237383664613632323030303434303863396162653664313766623266366136353531
35363361613233646462393732626565386263646633376430623635353238323662626530343337
35666466623735316435623232653064393363663837663530316463626631356165653261626432
31363939363965643863346536386532373039343565323662316131383266343339303963306332
34643566353638623838336639336631373564643332356664313763363337326664306231313339
31333231383133643566363437633638623363353739623466623863383062343862653266613238
32366238376133343364646665343831306336313031613965613731663539343235613330373961
31653334303664383863343732663636393862373265613433373065643833663636313634326535
61613665373166656565316465393166396266306531303035633933663931356466393366356263
39373536393864396334653430623532306562373830326430373038636331336532633066306665
66656661646335656538663136633936666461353461316437313362336565336137623037373633
66343731353366333763366665343336646230306235393739326366333765356639633935363437
38366231393365303962326233326364386432393734663533646161316336343065613262306564
62303966303235303563666666376337346463343536316139633565653838353563656261656166
33356333336537373535643564303966363237323962343865376637363235313962336565643066
64353837313365636435383933326264653763363365393962383263346663326362303066616633
62393832333138313335346137646139663839333432343166663435666237363662383731356530
34623661623263336537343539393530333334303864653632376265613935666330353630636335
35363230343938656134383037623166363637613965383031623833373663383735363366643461
36333633373162656164393834333061386430653365316530303363643434656638356662633262
35643134346330383031343630653263313330666139386162646264336465363131636132333230
38393834646134333066323930663938306262393961393934383839356265363437393066623537
32633039393065313637393361313831656435383837326433643833353030323436313133303164
63343361306134313230313862313163323630353963316133333363333530336638663038616565
32303664353663363966316236343037356662643438643866306166383962306635326634356139
32336166623962653262323861303430666339636364306134633938356461633661376363633037
30643166323132333766333134333866613733326537343334396563306138623365646237303930
63653932343135306137663737346431613037636461636335623763623261623737366634636138
64376364626437386336303132306632653134353863333630303864653136656566653231656561
31636539626139313137663639623335376235343930386335363834336463623663323937626634
36316532343339663933373135393262363665323138393362623633326434636564303231333838
63353730303434386664613535656334333162353365633437663139333763343031633238666432
36303739313736656165643366666136663136373934346138346639303865316432383232663036
34636232333762326339363664633531303262393939643132336530616436366165336265633533
62613966353663363762356566383530333031653336663639656234393365343238623631663435
30316437626434646135303336383062633266643265643063383166383032376637386433363135
65666336323334306462663231336364333263366431336438346433373764383061376664346534
34393231663734323133313937363335303734323561636338386330613162363730633936656134
66646562343435653430313839613934316332636562326236373236626337313338653432313831
30333033323730636332333930313433613531326534666539623431383837373934353339643166
35313565346136376238623932306266666530623162616565323666366364323836313338616330
38303536633238353233626162353663316563386537653363316365643639663033386139633566
36353736373932643831383738366138616635343437663361653236633239653435636333373964
31613061316533653330383430393164393263663661653838323834353034656261343565653935
35363535623832613364343830356334303664313365336634323566643637636533373635353663
32623966656465643536653634353866643339623431343662386331356265613466613638646438
65663033376138326132646133333233396137643132633536636332313164346234366532366633
34613862356238643530616362303037666335343834303764336536653064376261343838626461
63613736623131653765333361366233376139653338343262616332313239643533396336363262
31353738626333653631363434383533666437623436343264376332626162643436396433336332
30323762373533653833383032303435363531646662346265393964663934333362616530626632
31383532333464336664623132636433643930613636313566623531396135366166633139313563
35353265646438336562343034333962623130386335636533613436366164303537356362396336
35626634656666613631333965386135656236346263313535313630613861376566316237383765
31373234376339363031643939316665653465343331336538373031346435626636386466326132
61366432623234343561353065656362336461306139363864303730343738616132663863323064
66366636343331353530366636376332363931343837616233626137383036626438636331376666
36613139303932613465623761363236353564613035323962636262666635333734323366656635
36633633346362343032313937626639316662636132656466353264316337383564356664383461
39393463386334353365646633356632373339623537383235333336656364656661316232343161
32343965373765366635323333366635383764653734343638663065636534616332336533373364
33663537623439323838663362626462623932303934386339306362633931313161643432303338
31633835363765316334656534626264643934346461646238353162303631343563333030633063
35633662383836353634333162316165616333636331313839613531653931626538376333616161
65336331396462646631666434663830366365313339666232326566623230663536666137636538
39656239643436643831613662643132663563373036376434373566383935623033636565353233
35303934613335376363393033313433653632346465653532636562633565626636663037306539
31336465636161633461353363393863656661346137303161386366633334316639643462326433
39346137313435643138346166613537356231353966333834366537303431326664653534393336
37336561303130343664636465383564373266383232303736643764313036386461633036336436
31613533383866303439323164623630643164643033646331303266633961646263343732383238
35323937383130326465653665353266376665653562366664346163396237326264323938626136
31346466313466663539633437373039643036353435616636363066633130373536336365386365
64306462383138373166623939666134643339646464303732636332333965356338666365366530
66626130666232613932353164333361393238363838336538633030353332356563616365336664
36373639363638616636626430373666363836343432336364616466663430396438383630326636
33626233633039376333663833663664663865323734306435373236383539363331666430373736
32656363373661323537643964626332373264363932333835303339306162313037376162333031
38656233326331333730336265393635363237323635353161326163373463313839636361646131
61303462383061376364613365363532343432666462343830666634643934636330666336613830
31303962333233656566363538353531663133316664366231323838333863393331626435373338
62623735323266303235663138653866383163316332303066613866326564363561613634336439
64393231353335323164326230366530663232363061623866636561396533326265343266316635
30313762333864346665336136333634393336383238343833636362663331393366663937306538
61346135373866363663623264653136666365663264303963396533343638666331613232343264
63303765623930303564613863303237393566646536336464303765383535363833633866646163
32353139306565656638613530363833343366313461613637616435323564373263383237623438
64343135626434636430306562306461356239643632343063653261323361653137376130346533
34356437636230336461383063346137383538366464656539623834626565623137303233636163
30313835313264646466383665613530633463646262376262306566386133303031356230316234
62373338346364303432326665643365366439323032613336373437663133663763656332303136
32333237313665323534326439303836366564313539353731363837663565636635643035383763
36396261366238653837376162316162353537323735653436343161633333396538366164343666
30373639396132633938666338333866393432666166313332666633633361613832353638303333
36323166663136333938323237306639646438626131313530383430396331616633316265336136
30663535633732353037303932393663623739636430656362656166373064323634393734396531
34366438663563663665323566343864386439386561613863386563343137373564303333323237
65633439373562303266313731303839373066663131333565636634363861653463363536663838
66373264363661393435383263363638643664386638343464656132366530633133313537333930
33616366313836626664353339623435393862396466393131653639346331303333333639633465
35386563666639346463366261386231316231646661396331396532336563613363386535613839
38653561343835646530636565356565376637616630393664643531373535613837386237323730
37353835353964363762663266643062373936646564613736643361613763636137346437653065
64393164663232663562663762333033313339303736613933356461326335643666626633613837
39313466326233633636306463346537343435623866646133376535316433396336613535386234
66616135633964306234306662306237393666656231353964653966396634663138356530623663
66393861373037386634353264333532633136646630303637646562376130383037356635323637
35393361653830636462633965393862363532343731376537666636643665343563303939643863
66383566313364616564366565313733316536643038613433386436343231326336366166373231
39656632316364363564306337666435633737613834316636663462633633373730353334303736
35393339353437643165623233376439376265613263333930626666373239376130623334626163
63663761303564313262623862623730316565613035363566626430346637316532656430313664
39336330666565343935373330353133663061396466373162613131643164393236396434393638
65356362313962633835383331306232653963323634326437363966613934626331323434366239
66316430623332313432343431346662333130383161303063663638313733666165643633363634
35653965663237613937376462336238623838363762363266626234303639373164376464306438
64363831333439663536336265313731333330376232363064353863316566383432316464623533
61643133343161323137656530613235303763343762646365366233303566663563623637336162
30396233636263356330663132643431636633623366323630663833373762376465613636363138
36386261373863356265306466323165373336303461376463323139633336303864313237343765
66363036343936383336313830663738623032306465626366333335336632356363396439383436
33333032323132366235393262313239393134373537323839653437396430306430653861633435
30383661633832326630613366313638633539363062393262393630363962333565646137613339
30623136613536623638363538393631323730303837623333353639316164316131653666363763
33663065643632313365313333613330313563623635613134373339653564313238373265366263
63326537343761393736663731336635636665393736633537313437613934376132333935646330
32376438313862393765616535333236653065393331323035623663373139323835313530326133
61633731616333336232316436626437616638643632656132336362333062316333303261316266
33653536626637613633326433313765333637353031326136383165393564303336373137386564
38656162343062633962313864653864326565326537643366656631386363633766623138663465
37373639623238303232313832323431393430613565353039313733373336663463646266626336
64386532363531643838353332633263653834343638663065653332363631303565326666656165
39306534623864353835303134393538313436373530373136303132386362663631306533393839
31383837353562646432613134363737333866613930623563343630303461643533393336363366
38383964333664663534373266313265396562343630663331303039666531666537643230356231
37613934333762616461333365323334383831373134323666663365303962653930636564643834
38666639643637313037666561396263376232326438363632303932646632393034356237633938
30656233376539333262316566616261613463343235336563396662373363336335326165363135
35373537396363366365326662366365626631636637373731393261666432666336626530646664
38306138653162383931386332613838643964653039616335346664306133626135353965336634
30663236326266383638663033623933663337626532376233643763313766336261306366636635
66653261383031303334653761636461306261626330336333326566336162313465396265323736
65386364666634643562346164323939626566353533366366653661653366633130363137346235
61306638643861323035636430363862663537356434626137313965626565336132356434343832
66663762303734326161383863393633303236663365373138366239646630306165633164313637
63653235383764663761613962316534623663653666303435303033303738646531306435363534
66373361303232613238316264623762323639376436353937373333653535646333313637666338
30363736323032343238336230623463666637623238356436613266656366343363653437303239
62376664336236623765663033383431396331393139363561646531626231393334353234353366
33356139373761313539336333336534353164626434366432333936353661653131373834346231
34613862376635353165316634623961613263366366386364366332386165346565323363613363
65663237663963386633636438353261623530363864333965333935626531346432316463663932
61306262396566363735323033396536396663636136643930363565633036306132393538366634
31343638666265323164323731653032356165643031343632363561353230343737313765313230
32326237386163366337336165313630636435346135366637346534633539643435646566623566
63303530396262323061646663636631666561663637383835333566323037613963383361336137
31386466636132353038663532363830393634373239636663663130386230393239643932363564
36353062376634363231333538313631653863396635326266656333356266626461383663646163
32333864303765306238623635656665313934303330386435373531323335663736656561346539
37373861336163346562656233643063373266653465643636313732356264643333666534323335
35343430353661366233653063353539376534336636313661353562653466376463326532356131
64646361636461616464653436356230363830356530303662663136393435313937333434303061
33343531346462323534613863653635376437646335366536343331643030353165326639303863
66623339626338656234633536646532303632396265396334626365626436363163613030353930
36323230393336623831313132376130353230386136653063376338313864313030366534656539
62616633613761633963313433373735366262356365356235313264383763383239316535366433
37613264376534363933363263346436336532313563373864636661616365383063363235623664
39396134363634326432386663366435636237613234633765636561613433366437343532313132
63303863613538393431666534333730333061386665343939383766336133346637626135336264
31636534303432326662353637343462363238663239346337326566396534663334393136393662
37386531663839313965323539633766313332373235643161316362343738346533393861643933
38653931306333353163346334383630343433383836613734373733326361366535316463373337
61643666376637633530613339653766363733306263363231656133633966373937343531646632
62633733366536363064656166316364373035323265643830373834323663376234376266663531
33306633396335343937303535626530333635663030333535313333336634326461393235393466
32353133363230666665613336636461393138343562623865656536323932373730663064323937
66383865356338666566353465623932613766313939613164613735333234663761336163393536
31316463646561373433343632363538396536643365643931366432306561653064613564303237
61336565636230366339663662633537306661396533376235343536656664346361393538373861
34373437323532616535313130616435313561393239353839626161653964333761366338343466
61383739393563313230396136393033303132363363656263363063323030333630346239313538
31333164653761343434353538386239323032383831386465366466646461623839636430643665
66373138356137326538363134613139343535376535326362366232393233393239346333656338
39333533643364326237373262303564643131646534353061313534663538643637613238663437
32643964333333376365643938323732353864646630626462616236653863336335613036636265
66316365366639306239623531373933633666313562616332366664333565646635323132616532
63376661336662643932346661386434646664396234323130643161616431633262643566343839
39323666613139383265323232636130326166666366656539626164313634383362383966656538
39373063306136386637376537313431353533356537363439636439303733663362663162323766
65663534356663323134366363326230663032376334313563373638663961346537313162643834
38623637633231653133613830623237336638613831643332353239393538316334386334623139
62343936363861613837613962333465326462346362633138373336333465663939653433396262
33616165373833623061313930613261373636653763323331396538613334613436653133363362
66626630396565346464303330333765376662366466333365353931643539643062623439653030
3638
